Locus	Oflo_read	Em_read	Cap_read	Linco_read	Kan_read	LB_read	Amp_read	Bacit_read	Control 	Amp 	Bacit	Chloramphenicol	Erythromycin	Kanamycin	Lincomycin	ofloxacin
lmo0135	0.791338887	0.925137614	0.666536367	0.659945095	0.679376764	0.58650836	0.606964601	0.639993708	8453.258631	745.5833333	7575.95696	8060.774199	10430.28331	9196	12229.13077	8817.538645
lmo0203	0.025482914	0.027027187	0.018902143	0.021982654	0.020250792	0.023156427	0.019825133	0.025122353	79.53762355	0.02588504	60.77340132	62.99751388	59.07858915	65	78.26879976	61.83269531
lmo0238	0.057011883	0.066281929	0.054738286	0.054455906	0.064023688	0.068914096	0.075266877	0.078094503	217.9330885	0.07573367	267.9554513	176.3930389	182.2283243	193	163.1830636	179.6092578
lmo0285	0.024682062	0.026542022	0.018983386	0.025764491	0.020375161	0.015644553	0.017995841	0.026198548	110.5572967	0.683168317	176.1047425	115.33391	127.3101991	121	146.9385958	121.7024479
lmo0315	0.018980431	0.015280198	0.010353804	0.020167102	0.012127914	0.014395321	0.013791575	0.013958263	23.86128707	0.272727273	21.40881183	14.53788782	25.79487695	18	26.58185652	26.49972656
lmo0517	0.068989003	0.099220694	0.06979097	0.050650687	0.066251028	0.083500922	0.013788339	0.062761697	3.181504942	0.014925373	4.834247832	3.876770085	4.992556829	4	2.953539614	3.925885416
lmo0559	0.121318698	0.113657805	0.104753449	0.077853413	0.064331189	0.060174901	0.093858282	0.022877909	101.0127819	0.047567568	100.8285976	94.01167456	87.36974451	96	100.4203469	95.20272135
lmo0573	0.005661997	0.005678511	0.003545017	0.012003294	0.003969676	0.003789122	0.002945262	0.005670093	177.3689005	0.977777778	163.6738195	152.1632258	155.6013545	163	359.5934479	165.8686588
lmo0595	0.006179061	0.005380193	0.003449317	0.003298338	0.002990207	0.004037094	0.003535429	0.004400179	46.9271979	0.854166667	47.65187149	39.73689337	40.77254744	36	34.70409046	41.22179687
lmo0798	0.029441236	0.024876027	0.021666335	0.020455471	0.021850467	0.019655737	0.027617409	0.033735406	225.8868509	1.862944162	356.3531259	207.4071995	212.1836652	264	203.7942333	295.4228776
lmo0845	0.013314012	0.009815543	0.013667295	0.013822776	0.009205969	0.01282489	0.014330397	0.014909353	72.37923743	1	95.99434981	73.65863161	51.5897539	61	54.64048285	59.8697526
lmo0897	1	1	1	1	1	1	1	1	216.3423361	0.256342957	160.9113921	230.66782	213.015758	227	280.5862633	256.1640234
lmo0919	0.185298505	0.31972071	0.225741348	1	0.17007165	0.137877193	0.132095734	0.254237288	115.3295541	2.090909091	240.3311779	213.2223547	193.8776235	138	2505.339977	143.2948177
lmo0991	0.049189664	0.042642793	0.02951602	0.037080365	0.035612779	0.026003889	0.027713218	0.03537682	148.735356	2.738461538	152.6241101	157.0091884	157.2655401	188	177.9507617	170.7760156
lmo1221	0.35424289	0.352380022	0.288204247	0.309370808	0.31697497	0.296260964	0.327657574	0.312665824	881.2768689	1.860510806	805.9381743	746.2782413	774.6784013	851	863.910337	785.1770833
lmo1252	1	1	1	1	1	1	1	0.534024777	294.2892071	5.274509804	176.1047425	260.7127882	252.1241199	231	344.087365	280.7008073
lmo1293	1	1	1	1	1	1	1	1	363.4869396	4.052173913	575.275492	431.2906719	378.6022262	396	382.48338	363.144401
lmo1429	0.014971828	0.018517417	0.00957057	0.019573844	0.009471548	0.010929207	0.011388198	0.013105781	123.2833165	0.977443609	120.165589	102.7344072	133.1348488	90	136.6012071	105.0174349
lmo1459	1	0.987083932	0.781612814	0.601658207	0.958864161	0.796649086	0.80502181	0.891249873	668.1160378	0.316891577	580.8003467	494.2881858	577.4724066	614	532.3755153	633.0490234
lmo1504	0.199090732	0.198512329	0.184915154	0.205794455	0.164379323	0.18790824	0.190419894	0.186086179	2613.60631	2.309815951	2797.648281	2430.734843	2588.640716	2663	2480.23489	2629.361758
lmo1520	0.157615656	0.144273584	0.118361681	0.154184256	0.134301178	0.148448526	0.134175393	0.148776126	1279.760363	0.468672566	1329.418154	971.1309062	1020.145779	1171	1181.415845	1091.396146
lmo1552	0.189187954	0.179347608	0.170465178	0.152502668	0.173242223	0.188150887	0.192109877	0.16650299	2273.185281	3.522546419	2121.544192	2001.382556	1962.906927	2178	1699.023663	2185.736706
lmo1559	0.157750623	0.153511335	0.1231607	0.135663802	0.134224534	0.132521623	0.136001644	0.141002863	2398.05935	4.004070556	2589.775624	2125.439199	2244.986388	2508	2215.893095	2467.418984
lmo1573	0.713494467	0.633929456	0.742143189	0.721190873	0.62930335	0.722048757	0.548380093	0.65750468	1148.523284	0.710601719	898.47949	1030.25165	1139.13505	1139	1092.071272	1346.578698
lmo1596	1	1	1	1	1	1	1	1	18964.95096	115.2135922	20122.2113	21976.44042	24919.51532	21995	18102.98268	22346.13979
lmo1598	0.129872242	0.126484896	0.10206363	0.116416331	0.112282754	0.118699005	0.114037935	0.116255018	790.6039781	0.774483378	823.2033451	652.2665668	680.6519144	704	735.4313638	730.2146874
lmo1652	0.338094439	0.552009766	0.412929948	0.550585872	0.266358257	0.229981057	0.265789562	0.284259696	236.2267419	0.80156658	311.4636818	650.3281817	588.289613	255	958.4236046	264.9972656
lmo1660	0.424169655	0.379701298	0.335163021	0.315582995	0.369629114	0.367806921	0.37759909	0.397164041	2573.042122	65.53333333	2616.709291	2177.775595	2562.013746	2622	1899.864356	2748.119791
lmo1664	0.027667106	0.026909847	0.019256787	0.019551999	0.017864522	0.019448313	0.021271563	0.02574396	838.3265522	0.258297979	910.2198061	827.6904131	937.7685911	838	764.9667599	940.2495572
lmo1681	0.003215619	0.003224219	0.002593175	0.002189043	0.002263693	0.002398969	0.002505643	0.003911272	76.35611861	1.415384615	120.165589	69.78186153	92.36230134	76	69.40818092	74.59182291
lmo1740	0.05125252	0.036285101	0.048720216	0.079882526	0.03226695	0.032457428	0.018214285	0.039921792	8.749138591	0.466666667	11.74031616	12.59950278	6.656742439	8	19.19800749	10.7961849
lmo2187	0.115026657	0.095815639	0.219583813	0.15003293	0.14482207	0.143814386	0.172773587	0.061682339	60.4485939	0.015534954	34.53034166	66.87428396	35.77999061	60	61.28594698	33.37002604
lmo2198	0.103106469	0.106661824	0.085587508	0.102102128	0.09164314	0.087330607	0.097870683	0.084340464	373.0314545	18.54166667	356.3531259	323.7103021	341.15805	363	429.0016289	363.144401
lmo2419	0.110702217	0.108719491	0.093907307	0.100032205	0.082908006	0.080008651	0.090565178	0.109510051	381.780593	1.448931116	540.7451504	365.3855805	407.7254744	376	408.3268516	428.9029817
lmo2460	0.700873274	0.524770192	0.461769065	0.449561625	0.544696536	0.485630087	0.561255491	0.746996096	9877.777469	0.492995302	11924.01758	8462.019903	9066.483202	9462	7403.047041	9785.2694
lmo2689	0.01584988	0.012711625	0.013861343	0.031433869	0.010973962	0.010414976	0.012247063	0.023082561	171.0058906	1.891719745	401.2425701	196.7460818	201.3664588	179	473.3047231	218.868112
lmo2747	0.244358613	0.251363835	0.17823502	0.193843576	0.203244162	0.17074282	0.186338489	0.173812096	811.2837602	2.214285714	848.0651911	719.1408507	852.895125	870	819.6072428	876.4539192
lmo2758	1	1	1	1	1	1	1	1	4594.888513	9.737254902	4474.441672	3687.777543	4112.202642	4656	5342.214776	4822.950234
lmo2760	0.163970218	0.159125073	0.135403772	0.103333967	0.119829226	0.1063072	0.160015048	0.112625413	178.1642768	0.375733855	162.2926058	168.6394987	196.373902	168	206.009388	182.5536719
lmo2773	0.748857234	0.809516134	0.734095803	0.457385176	0.898363603	0.693713733	0.635198239	0.293492139	134.4185838	4.9	125.6904436	168.6394987	144.784148	134	171.3052976	149.1836458
